13 0.11866859623733719 0.17464788732394365 0.11722141823444283 0.29859154929577464 0.17945007235890015 0.29577464788732394 0.1808972503617945 0.17183098591549295
7 0.18523878437047755 0.17183098591549295 0.1837916063675832 0.29859154929577464 0.24891461649782923 0.30140845070422534 0.2503617945007236 0.17464788732394365
4 0.25615050651230103 0.17183098591549295 0.2532561505065123 0.29577464788732394 0.31982633863965265 0.29295774647887324 0.32127351664254705 0.17183098591549295
9 0.3299565846599132 0.16338028169014085 0.32706222865412443 0.29295774647887324 0.3849493487698987 0.29014084507042254 0.3907380607814761 0.16338028169014085
5 0.40086830680173663 0.16619718309859155 0.4645441389290883 0.16338028169014085 0.4630969609261939 0.28732394366197184 0.3979739507959479 0.29014084507042254
2 0.4761215629522431 0.16056338028169015 0.47467438494934877 0.28450704225352114 0.5267727930535456 0.28450704225352114 0.5267727930535456 0.16056338028169015
11 0.5470332850940666 0.16619718309859155 0.6107091172214182 0.16338028169014085 0.6092619392185239 0.28732394366197184 0.5441389290882779 0.29014084507042254
17 0.6164978292329957 0.16056338028169015 0.6150506512301013 0.28732394366197184 0.6772793053545586 0.28732394366197184 0.678726483357453 0.15774647887323945
2 0.12011577424023155 0.30704225352112674 0.11866859623733719 0.4309859154929577 0.170767004341534 0.4309859154929577 0.170767004341534 0.30704225352112674
4 0.18668596237337193 0.30985915492957744 0.1837916063675832 0.43380281690140843 0.2503617945007236 0.4309859154929577 0.25180897250361794 0.30985915492957744
3 0.33285094066570187 0.30422535211267604 0.38205499276411 0.30422535211267604 0.38205499276411 0.4253521126760563 0.33285094066570187 0.428169014084507
0 0.24891461649782923 0.39154929577464787 0.3154848046309696 0.30985915492957744 0.32127351664254705 0.352112676056338 0.2590448625180897 0.428169014084507
4 0.40086830680173663 0.30140845070422534 0.3979739507959479 0.4253521126760563 0.4645441389290883 0.4225352112676056 0.46599131693198265 0.30140845070422534
4 0.5470332850940666 0.30140845070422534 0.5455861070911722 0.4225352112676056 0.6107091172214182 0.4225352112676056 0.6121562952243126 0.30140845070422534
3 0.6193921852387844 0.29859154929577464 0.6685962373371924 0.29859154929577464 0.6685962373371924 0.4197183098591549 0.6193921852387844 0.4225352112676056
2 0.11866859623733719 0.4422535211267606 0.11722141823444283 0.5661971830985916 0.16931982633863965 0.5661971830985916 0.16931982633863965 0.4422535211267606
4 0.18668596237337193 0.4422535211267606 0.1837916063675832 0.5661971830985916 0.2503617945007236 0.5633802816901409 0.25180897250361794 0.4422535211267606
3 0.33285094066570187 0.43661971830985913 0.38205499276411 0.43661971830985913 0.38205499276411 0.5577464788732395 0.33285094066570187 0.5605633802816902
3 0.40665701881331406 0.43380281690140843 0.4558610709117221 0.43380281690140843 0.4558610709117221 0.5549295774647888 0.40665701881331406 0.5577464788732395
4 0.5455861070911722 0.43661971830985913 0.5426917510853835 0.5577464788732395 0.6092619392185239 0.5549295774647888 0.6107091172214182 0.43380281690140843
6 0.6164978292329957 0.4309859154929577 0.6801736613603473 0.428169014084507 0.678726483357453 0.5521126760563381 0.613603473227207 0.5549295774647888
18 0.11722141823444283 0.571830985915493 0.11577424023154848 0.6957746478873239 0.17800289435600578 0.6929577464788732 0.17945007235890015 0.5690140845070423
19 0.1837916063675832 0.6056338028169014 0.1837916063675832 0.6901408450704225 0.2503617945007236 0.6873239436619718 0.25180897250361794 0.6028169014084507
1 0.2590448625180897 0.6366197183098592 0.30101302460202606 0.6338028169014085 0.2981186685962373 0.7014084507042253 0.2575976845151954 0.7070422535211267
4 0.3256150506512301 0.5661971830985916 0.3227206946454414 0.6901408450704225 0.38929088277858176 0.6873239436619718 0.3907380607814761 0.5661971830985916
11 0.3979739507959479 0.5633802816901409 0.3950795947901592 0.6873239436619718 0.46164978292329956 0.6845070422535211 0.4630969609261939 0.5633802816901409
11 0.47467438494934877 0.5605633802816902 0.4717800289435601 0.6845070422535211 0.5383502170767004 0.6816901408450704 0.5397973950795948 0.5605633802816902
1 0.5542691751085383 0.6281690140845071 0.552821997105644 0.6901408450704225 0.5875542691751086 0.6901408450704225 0.5890014471780028 0.6281690140845071
2 0.6150506512301013 0.5633802816901409 0.613603473227207 0.6873239436619718 0.6657018813314037 0.6873239436619718 0.6657018813314037 0.5633802816901409
2 0.6801736613603473 0.5633802816901409 0.678726483357453 0.6873239436619718 0.7308248914616498 0.6873239436619718 0.7308248914616498 0.5633802816901409
0 0.4761215629522431 0.38028169014084506 0.5383502170767004 0.30140845070422534 0.5383502170767004 0.352112676056338 0.47901591895803186 0.4253521126760563
0 0.24891461649782923 0.5267605633802817 0.3154848046309696 0.4507042253521127 0.32127351664254705 0.48450704225352115 0.25615050651230103 0.5605633802816902
0 0.4732272069464544 0.5154929577464789 0.5354558610709117 0.43661971830985913 0.5426917510853835 0.476056338028169 0.47901591895803186 0.5521126760563381