18 0.1 0.16176470588235295 0.09298245614035087 0.31470588235294117 0.156140350877193 0.3235294117647059 0.1631578947368421 0.17058823529411765
19 0.1649122807017544 0.20588235294117646 0.15789473684210525 0.3264705882352941 0.21754385964912282 0.3205882352941177 0.22280701754385965 0.20588235294117646
1 0.23157894736842105 0.2411764705882353 0.22807017543859648 0.3235294117647059 0.2754385964912281 0.3264705882352941 0.2771929824561403 0.24411764705882352
5 0.2982456140350877 0.1676470588235294 0.28771929824561404 0.3235294117647059 0.3508771929824561 0.3264705882352941 0.3649122807017544 0.17352941176470588
9 0.3701754385964912 0.17647058823529413 0.3526315789473684 0.3352941176470588 0.41578947368421054 0.3352941176470588 0.43157894736842106 0.17941176470588235
10 0.4368421052631579 0.17647058823529413 0.42280701754385963 0.3323529411764706 0.4824561403508772 0.3323529411764706 0.4964912280701754 0.17647058823529413
1 0.4964912280701754 0.25882352941176473 0.49122807017543857 0.32941176470588235 0.5421052631578948 0.3264705882352941 0.543859649122807 0.25882352941176473
2 0.5578947368421052 0.1676470588235294 0.5508771929824562 0.3323529411764706 0.6105263157894737 0.3382352941176471 0.6175438596491228 0.17647058823529413
2 0.6263157894736842 0.17647058823529413 0.6175438596491228 0.3382352941176471 0.6807017543859649 0.34411764705882353 0.6894736842105263 0.17941176470588235
13 0.10175438596491228 0.32941176470588235 0.1631578947368421 0.3382352941176471 0.15263157894736842 0.4852941176470588 0.0912280701754386 0.4823529411764706
2 0.16666666666666666 0.3323529411764706 0.156140350877193 0.4764705882352941 0.20877192982456141 0.4852941176470588 0.21754385964912282 0.3411764705882353
4 0.22982456140350876 0.34411764705882353 0.21754385964912282 0.49117647058823527 0.28771929824561404 0.48823529411764705 0.2982456140350877 0.3411764705882353
2 0.2964912280701754 0.3382352941176471 0.3526315789473684 0.3411764705882353 0.34210526315789475 0.4970588235294118 0.28596491228070176 0.49117647058823527
2 0.3649122807017544 0.35 0.356140350877193 0.48823529411764705 0.4087719298245614 0.49117647058823527 0.4192982456140351 0.35
10 0.43508771929824563 0.35294117647058826 0.4245614035087719 0.49411764705882355 0.48596491228070177 0.4970588235294118 0.4964912280701754 0.3558823529411765
11 0.4982456140350877 0.3411764705882353 0.5596491228070175 0.34411764705882353 0.5491228070175439 0.5058823529411764 0.48771929824561405 0.5029411764705882
14 0.10175438596491228 0.5029411764705882 0.1649122807017544 0.5029411764705882 0.15789473684210525 0.6470588235294118 0.09473684210526316 0.6470588235294118
20 0.16666666666666666 0.5 0.15789473684210525 0.65 0.21929824561403508 0.65 0.22807017543859648 0.5029411764705882
17 0.23157894736842105 0.5117647058823529 0.22280701754385965 0.65 0.28771929824561404 0.6470588235294118 0.2964912280701754 0.5117647058823529
4 0.36666666666666664 0.5029411764705882 0.43508771929824563 0.5117647058823529 0.42105263157894735 0.6617647058823529 0.3526315789473684 0.6529411764705882
4 0.4368421052631579 0.5117647058823529 0.42105263157894735 0.6470588235294118 0.4824561403508772 0.6588235294117647 0.4982456140350877 0.5205882352941177
16 0.09824561403508772 0.6558823529411765 0.08947368421052632 0.8058823529411765 0.156140350877193 0.8088235294117647 0.16666666666666666 0.6617647058823529
12 0.1649122807017544 0.6676470588235294 0.156140350877193 0.8 0.21754385964912282 0.8 0.22631578947368422 0.6676470588235294
21 0.22982456140350876 0.6676470588235294 0.21929824561403508 0.8058823529411765 0.2912280701754386 0.8029411764705883 0.3 0.6705882352941176
4 0.36666666666666664 0.6588235294117647 0.43333333333333335 0.6676470588235294 0.42105263157894735 0.8176470588235294 0.3526315789473684 0.8088235294117647
6 0.43508771929824563 0.6617647058823529 0.4192982456140351 0.8147058823529412 0.48596491228070177 0.8235294117647058 0.5017543859649123 0.6705882352941176
1 0.32135087719298244 0.6224705882352941 0.04342105263157895 0.07552941176470589