13 0.2187938288920056 0.14606741573033707 0.21037868162692847 0.28370786516853935 0.27489481065918653 0.28370786516853935 0.28190743338008417 0.14606741573033707
7 0.2847124824684432 0.1404494382022472 0.2776998597475456 0.2808988764044944 0.33660589060308554 0.27808988764044945 0.3450210378681627 0.14325842696629212
4 0.3492286115007013 0.14325842696629212 0.34081346423562414 0.2808988764044944 0.39691444600280507 0.2808988764044944 0.40392706872370265 0.1404494382022472
9 0.40953716690042075 0.14325842696629212 0.40252454417952316 0.28370786516853935 0.45582047685834504 0.2808988764044944 0.46563814866760167 0.14325842696629212
2 0.46984572230014027 0.14325842696629212 0.4628330995792426 0.2808988764044944 0.5133239831697055 0.28370786516853935 0.520336605890603 0.14606741573033707
3 0.5455820476858345 0.1404494382022472 0.5357643758765779 0.2808988764044944 0.5862552594670407 0.27808988764044945 0.5932678821879382 0.14325842696629212
4 0.6072931276297335 0.300561797752809 0.5988779803646563 0.43820224719101125 0.664796633941094 0.43820224719101125 0.6718092566619915 0.300561797752809
17 0.6704067321178121 0.1348314606741573 0.6633941093969145 0.27808988764044945 0.7208976157082749 0.27808988764044945 0.726507713884993 0.13202247191011235
4 0.21739130434782608 0.30337078651685395 0.21037868162692847 0.44662921348314605 0.27489481065918653 0.4438202247191011 0.28190743338008417 0.300561797752809
2 0.2847124824684432 0.300561797752809 0.2776998597475456 0.43820224719101125 0.3281907433380084 0.4410112359550562 0.33520336605890605 0.30337078651685395
0 0.5273492286115007 0.5533707865168539 0.5904628330995793 0.45224719101123595 0.6044880785413744 0.49719101123595505 0.5399719495091164 0.5955056179775281
3 0.4179523141654979 0.300561797752809 0.40813464235624125 0.4410112359550562 0.45021037868162694 0.4438202247191011 0.4600280504908836 0.30337078651685395
3 0.4796633941093969 0.300561797752809 0.46984572230014027 0.4410112359550562 0.511921458625526 0.4438202247191011 0.5217391304347826 0.30337078651685395
4 0.603085553997195 0.1404494382022472 0.5946704067321178 0.27808988764044945 0.6605890603085554 0.27808988764044945 0.667601683029453 0.1404494382022472
3 0.6802244039270687 0.2949438202247191 0.6704067321178121 0.4353932584269663 0.7124824684431977 0.43820224719101125 0.7223001402524544 0.29775280898876405
4 0.2187938288920056 0.45786516853932585 0.211781206171108 0.601123595505618 0.2762973352033661 0.598314606741573 0.28330995792426367 0.4550561797752809
0 0.3338008415147265 0.5561797752808989 0.39691444600280507 0.4550561797752809 0.40953716690042075 0.4943820224719101 0.34642356241234223 0.598314606741573
2 0.2861150070126227 0.4550561797752809 0.2791023842917251 0.5926966292134831 0.32959326788218796 0.5955056179775281 0.33660589060308554 0.45786516853932585
0 0.33660589060308554 0.398876404494382 0.3997194950911641 0.29775280898876405 0.4123422159887798 0.33707865168539325 0.3492286115007013 0.4410112359550562
3 0.4165497896213184 0.45786516853932585 0.4067321178120617 0.598314606741573 0.4488078541374474 0.601123595505618 0.4586255259467041 0.4606741573033708
2 0.47124824684431976 0.45786516853932585 0.4642356241234222 0.5955056179775281 0.514726507713885 0.598314606741573 0.5217391304347826 0.4606741573033708
0 0.5273492286115007 0.3960674157303371 0.5904628330995793 0.2949438202247191 0.6044880785413744 0.3398876404494382 0.5399719495091164 0.43820224719101125
4 0.6044880785413744 0.45786516853932585 0.5974754558204769 0.5842696629213483 0.6619915848527349 0.5870786516853933 0.6690042075736325 0.45786516853932585
6 0.6718092566619915 0.45224719101123595 0.664796633941094 0.5786516853932584 0.7223001402524544 0.5814606741573034 0.7307152875175316 0.45224719101123595
18 0.2187938288920056 0.6151685393258427 0.21458625525946703 0.7471910112359551 0.2791023842917251 0.75 0.28330995792426367 0.6151685393258427
19 0.2861150070126227 0.648876404494382 0.28190743338008417 0.75 0.3380084151472651 0.75 0.3394109396914446 0.6460674157303371
1 0.34221598877980364 0.6853932584269663 0.34081346423562414 0.7668539325842697 0.3870967741935484 0.7696629213483146 0.3884992987377279 0.6882022471910112
3 0.4165497896213184 0.6179775280898876 0.4067321178120617 0.7584269662921348 0.4488078541374474 0.7612359550561798 0.4586255259467041 0.6207865168539326
11 0.47685834502103785 0.6151685393258427 0.46563814866760167 0.7528089887640449 0.5259467040673211 0.75 0.5357643758765779 0.6123595505617978
11 0.5385694249649369 0.6151685393258427 0.5287517531556802 0.7471910112359551 0.5960729312762973 0.7443820224719101 0.603085553997195 0.6151685393258427
1 0.603085553997195 0.6769662921348315 0.6016830294530154 0.7584269662921348 0.6479663394109397 0.7612359550561798 0.6493688639551192 0.6797752808988764
2 0.6718092566619915 0.601123595505618 0.664796633941094 0.7471910112359551 0.7152875175315568 0.7471910112359551 0.7223001402524544 0.601123595505618
2 0.726507713884993 0.6039325842696629 0.7194950911640954 0.75 0.7699859747545582 0.75 0.7769985974754559 0.6067415730337079