15 0.2235294117647059 0.11219512195121951 0.21764705882352942 0.2926829268292683 0.3235294117647059 0.28780487804878047 0.3323529411764706 0.11219512195121951
2 0.3411764705882353 0.11219512195121951 0.3323529411764706 0.28292682926829266 0.4323529411764706 0.28292682926829266 0.4441176470588235 0.1073170731707317
2 0.45294117647058824 0.1024390243902439 0.4470588235294118 0.2780487804878049 0.55 0.2780487804878049 0.5588235294117647 0.0975609756097561
3 0.5794117647058824 0.0975609756097561 0.5735294117647058 0.2731707317073171 0.6558823529411765 0.2682926829268293 0.6588235294117647 0.08780487804878048
3 0.711764705882353 0.09268292682926829 0.7088235294117647 0.25853658536585367 0.7764705882352941 0.24878048780487805 0.7764705882352941 0.08780487804878048
2 0.20294117647058824 0.3024390243902439 0.3029411764705882 0.3024390243902439 0.3 0.4634146341463415 0.2 0.4634146341463415
6 0.31470588235294117 0.3024390243902439 0.3088235294117647 0.4634146341463415 0.40588235294117647 0.4634146341463415 0.42058823529411765 0.2975609756097561
0 0.43529411764705883 0.3170731707317073 0.42058823529411765 0.43902439024390244 0.5264705882352941 0.4146341463414634 0.5352941176470588 0.2975609756097561
4 0.5441176470588235 0.28292682926829266 0.5323529411764706 0.44878048780487806 0.65 0.44878048780487806 0.6588235294117647 0.2780487804878049
4 0.6676470588235294 0.2780487804878049 0.6588235294117647 0.44390243902439025 0.7705882352941177 0.44878048780487806 0.7794117647058824 0.28292682926829266
2 0.19705882352941176 0.48292682926829267 0.3 0.48292682926829267 0.29411764705882354 0.6439024390243903 0.19411764705882353 0.6390243902439025
5 0.3088235294117647 0.47804878048780486 0.4088235294117647 0.47804878048780486 0.40588235294117647 0.6390243902439025 0.3058823529411765 0.6390243902439025
0 0.4264705882352941 0.4878048780487805 0.4147058823529412 0.6195121951219512 0.5205882352941177 0.5951219512195122 0.5294117647058824 0.47804878048780486
4 0.538235294117647 0.4634146341463415 0.5264705882352941 0.6292682926829268 0.6441176470588236 0.6292682926829268 0.6529411764705882 0.4585365853658537
7 0.6617647058823529 0.4585365853658537 0.7705882352941177 0.4634146341463415 0.7558823529411764 0.6146341463414634 0.6529411764705882 0.6195121951219512
4 0.17941176470588235 0.6439024390243903 0.27941176470588236 0.6439024390243903 0.27647058823529413 0.7951219512195122 0.17647058823529413 0.8048780487804879
8 0.28823529411764703 0.6341463414634146 0.39705882352941174 0.6292682926829268 0.3911764705882353 0.7951219512195122 0.2852941176470588 0.8048780487804879
2 0.40588235294117647 0.624390243902439 0.5088235294117647 0.6146341463414634 0.4970588235294118 0.7951219512195122 0.3941176470588235 0.8
1 0.5147058823529411 0.697560975609756 0.5852941176470589 0.6926829268292682 0.5735294117647058 0.8 0.5058823529411764 0.8097560975609757
2 0.5941176470588235 0.6146341463414634 0.5882352941176471 0.7853658536585366 0.7029411764705882 0.7804878048780488 0.7058823529411765 0.6097560975609756
2 0.7205882352941176 0.6048780487804878 0.711764705882353 0.7658536585365854 0.8147058823529412 0.7707317073170732 0.8235294117647058 0.6048780487804878