18 0.1720183486238532 0.10932475884244373 0.1628440366972477 0.2765273311897106 0.24541284403669725 0.2861736334405145 0.2545871559633027 0.1189710610932476
19 0.26146788990825687 0.15755627009646303 0.25229357798165136 0.28938906752411575 0.3302752293577982 0.2829581993569132 0.33715596330275227 0.15755627009646303
1 0.3463302752293578 0.19614147909967847 0.34174311926605505 0.2861736334405145 0.4036697247706422 0.28938906752411575 0.4059633027522936 0.19935691318327975
5 0.43577981651376146 0.10932475884244373 0.42201834862385323 0.2797427652733119 0.5045871559633027 0.2829581993569132 0.5229357798165137 0.1157556270096463
9 0.5298165137614679 0.11254019292604502 0.5068807339449541 0.2861736334405145 0.5894495412844036 0.2861736334405145 0.6100917431192661 0.1157556270096463
10 0.6146788990825688 0.1157556270096463 0.5963302752293578 0.2861736334405145 0.6743119266055045 0.2861736334405145 0.6926605504587156 0.1157556270096463
1 0.6903669724770642 0.21221864951768488 0.6834862385321101 0.28938906752411575 0.75 0.2861736334405145 0.7522935779816514 0.21221864951768488
2 0.7729357798165137 0.10932475884244373 0.7637614678899083 0.28938906752411575 0.841743119266055 0.2958199356913183 0.8509174311926605 0.1189710610932476
2 0.8600917431192661 0.1157556270096463 0.8486238532110092 0.29260450160771706 0.9311926605504587 0.2990353697749196 0.9426605504587156 0.1189710610932476
13 0.17660550458715596 0.29260450160771706 0.25688073394495414 0.3022508038585209 0.24311926605504589 0.4630225080385852 0.1628440366972477 0.45980707395498394
2 0.26605504587155965 0.2958199356913183 0.25229357798165136 0.4533762057877814 0.3165137614678899 0.45980707395498394 0.33256880733944955 0.3054662379421222
4 0.3463302752293578 0.2990353697749196 0.33715596330275227 0.4662379421221865 0.4197247706422018 0.45980707395498394 0.4334862385321101 0.2990353697749196
2 0.43577981651376146 0.29260450160771706 0.5091743119266054 0.2958199356913183 0.4954128440366973 0.4662379421221865 0.42201834862385323 0.45980707395498394
2 0.5229357798165137 0.3086816720257235 0.5114678899082569 0.45980707395498394 0.5802752293577982 0.4630225080385852 0.5940366972477065 0.3086816720257235
10 0.6100917431192661 0.3054662379421222 0.5963302752293578 0.45980707395498394 0.676605504587156 0.4630225080385852 0.6903669724770642 0.3086816720257235
11 0.694954128440367 0.2958199356913183 0.7752293577981652 0.2990353697749196 0.7614678899082569 0.4758842443729904 0.6811926605504587 0.47266881028938906
14 0.17660550458715596 0.4790996784565916 0.2591743119266055 0.4790996784565916 0.25 0.6366559485530546 0.16743119266055045 0.6366559485530546
20 0.26376146788990823 0.47266881028938906 0.25229357798165136 0.6366559485530546 0.33256880733944955 0.6366559485530546 0.3440366972477064 0.4758842443729904
17 0.3486238532110092 0.48231511254019294 0.33715596330275227 0.6334405144694534 0.42201834862385323 0.6302250803858521 0.4334862385321101 0.48231511254019294
4 0.5229357798165137 0.47266881028938906 0.6123853211009175 0.48231511254019294 0.5940366972477065 0.6463022508038585 0.5045871559633027 0.6366559485530546
4 0.6146788990825688 0.4790996784565916 0.5940366972477065 0.6270096463022508 0.6743119266055045 0.639871382636656 0.694954128440367 0.4887459807073955
16 0.1720183486238532 0.6463022508038585 0.16055045871559634 0.8102893890675241 0.24770642201834864 0.8135048231511254 0.26146788990825687 0.6527331189710611
12 0.26376146788990823 0.6591639871382636 0.25229357798165136 0.8038585209003215 0.33256880733944955 0.8038585209003215 0.3440366972477064 0.6591639871382636
21 0.3440366972477064 0.6559485530546624 0.3302752293577982 0.8070739549839229 0.4243119266055046 0.8038585209003215 0.43577981651376146 0.6591639871382636
4 0.5206422018348624 0.639871382636656 0.6100917431192661 0.6495176848874598 0.591743119266055 0.8135048231511254 0.5022935779816514 0.8038585209003215
6 0.6100917431192661 0.6463022508038585 0.5894495412844036 0.8135048231511254 0.676605504587156 0.8231511254019293 0.6972477064220184 0.6559485530546624
1 0.46509174311926604 0.6106430868167202 0.058050458715596324 0.07903536977491961