13 0.06382978723404255 0.07834101382488479 0.06170212765957447 0.28110599078341014 0.15319148936170213 0.2764976958525346 0.15531914893617021 0.07373271889400922
7 0.16595744680851063 0.06912442396313365 0.16382978723404254 0.2764976958525346 0.25957446808510637 0.28110599078341014 0.26170212765957446 0.07373271889400922
4 0.2723404255319149 0.07834101382488479 0.2680851063829787 0.28110599078341014 0.3659574468085106 0.2764976958525346 0.3680851063829787 0.07834101382488479
9 0.3851063829787234 0.06912442396313365 0.38085106382978723 0.28110599078341014 0.46595744680851064 0.2764976958525346 0.474468085106383 0.06912442396313365
5 0.48723404255319147 0.07373271889400922 0.5808510638297872 0.06912442396313365 0.5787234042553191 0.271889400921659 0.4829787234042553 0.2764976958525346
2 0.5914893617021276 0.06912442396313365 0.5893617021276596 0.271889400921659 0.6659574468085107 0.271889400921659 0.6659574468085107 0.06912442396313365
11 0.6914893617021277 0.06451612903225806 0.7851063829787234 0.059907834101382486 0.7829787234042553 0.2626728110599078 0.6872340425531915 0.2672811059907834
17 0.7936170212765957 0.059907834101382486 0.7914893617021277 0.2672811059907834 0.8829787234042553 0.2672811059907834 0.8851063829787233 0.055299539170506916
2 0.06382978723404255 0.29493087557603687 0.06170212765957447 0.4976958525345622 0.13829787234042554 0.4976958525345622 0.13829787234042554 0.29493087557603687
4 0.16808510638297872 0.30414746543778803 0.16382978723404254 0.5069124423963134 0.26170212765957446 0.5023041474654378 0.26382978723404255 0.30414746543778803
3 0.39148936170212767 0.2995391705069124 0.46382978723404256 0.2995391705069124 0.46382978723404256 0.4976958525345622 0.39148936170212767 0.5023041474654378
0 0.26595744680851063 0.4377880184331797 0.3638297872340426 0.30414746543778803 0.3723404255319149 0.37327188940092165 0.28085106382978725 0.4976958525345622
4 0.48723404255319147 0.29493087557603687 0.4829787234042553 0.4976958525345622 0.5808510638297872 0.4930875576036866 0.5829787234042553 0.29493087557603687
4 0.6893617021276596 0.2903225806451613 0.6851063829787234 0.4930875576036866 0.7829787234042553 0.48847926267281105 0.7851063829787234 0.2903225806451613
3 0.7978723404255319 0.2857142857142857 0.8702127659574468 0.2857142857142857 0.8702127659574468 0.4838709677419355 0.7978723404255319 0.48847926267281105
2 0.06595744680851064 0.5161290322580645 0.06382978723404255 0.7188940092165899 0.14042553191489363 0.7188940092165899 0.14042553191489363 0.5161290322580645
4 0.16595744680851063 0.5161290322580645 0.16170212765957448 0.7188940092165899 0.25957446808510637 0.7142857142857143 0.26170212765957446 0.5161290322580645
3 0.3893617021276596 0.5207373271889401 0.46170212765957447 0.5207373271889401 0.46170212765957447 0.7188940092165899 0.3893617021276596 0.7235023041474654
3 0.49361702127659574 0.511520737327189 0.5659574468085107 0.511520737327189 0.5659574468085107 0.7096774193548387 0.49361702127659574 0.7142857142857143
4 0.6872340425531915 0.5069124423963134 0.6851063829787234 0.7096774193548387 0.7808510638297872 0.7050691244239631 0.7829787234042553 0.5069124423963134
6 0.7914893617021277 0.5023041474654378 0.8851063829787233 0.4976958525345622 0.8829787234042553 0.7004608294930875 0.7872340425531915 0.7050691244239631
18 0.06170212765957447 0.728110599078341 0.059574468085106386 0.9308755760368663 0.15106382978723404 0.9262672811059908 0.15319148936170213 0.7235023041474654
19 0.16170212765957448 0.7880184331797235 0.16170212765957448 0.9262672811059908 0.25957446808510637 0.9216589861751152 0.26170212765957446 0.783410138248848
1 0.28085106382978725 0.8202764976958525 0.3425531914893617 0.815668202764977 0.3382978723404255 0.9262672811059908 0.27872340425531916 0.9354838709677419
4 0.37872340425531914 0.7235023041474654 0.37446808510638296 0.9262672811059908 0.4723404255319149 0.9216589861751152 0.474468085106383 0.7235023041474654
11 0.4851063829787234 0.7235023041474654 0.4808510638297872 0.9262672811059908 0.5787234042553191 0.9216589861751152 0.5808510638297872 0.7235023041474654
11 0.5914893617021276 0.7188940092165899 0.5872340425531914 0.9216589861751152 0.6851063829787234 0.9170506912442397 0.6872340425531915 0.7188940092165899
1 0.7021276595744681 0.8248847926267281 0.7 0.9262672811059908 0.7510638297872341 0.9262672811059908 0.7531914893617021 0.8248847926267281
2 0.7893617021276595 0.7188940092165899 0.7872340425531915 0.9216589861751152 0.8638297872340426 0.9216589861751152 0.8638297872340426 0.7188940092165899
2 0.8893617021276595 0.7096774193548387 0.8872340425531915 0.9124423963133641 0.9638297872340426 0.9124423963133641 0.9638297872340426 0.7096774193548387
0 0.5872340425531914 0.41935483870967744 0.6787234042553192 0.2903225806451613 0.6787234042553192 0.37327188940092165 0.5914893617021276 0.4930875576036866
0 0.26382978723404255 0.6543778801843319 0.3617021276595745 0.5299539170506913 0.3702127659574468 0.5852534562211982 0.274468085106383 0.7096774193548387
0 0.5872340425531914 0.6497695852534562 0.674468085106383 0.5161290322580645 0.676595744680851 0.5944700460829493 0.5957446808510638 0.7096774193548387